
E2 00 41 07 73 06 01 47 27 50 07 4B 
E2 00 41 07 73 06 01 47 27 50 07 4B 
E2 00 40 80 67 18 01 68 12 70 99 C1 
00 11 22 33 44 55 66 77 88 99 AA BB 
E2 00 40 80 67 18 00 50 12 80 96 A2 
E2 00 40 80 67 18 00 50 12 80 96 A2 
E2 00 40 80 67 18 00 50 12 80 96 A2 
E2 00 40 80 67 18 00 50 12 80 96 A2 
E2 00 40 80 67 18 00 50 12 80 96 A2 
E2 00 40 80 67 18 00 50 12 80 96 A2 
E2 00 40 80 67 18 00 50 12 80 96 A2 
E2 00 40 80 67 18 00 50 12 80 96 A2 
00 11 22 33 44 55 66 77 88 99 AA BB 
E2 00 40 80 67 18 00 50 12 80 96 A2 
00 11 22 33 44 55 66 77 88 99 AA BB 
00 11 22 33 44 55 66 77 88 99 AA BB 
E2 00 41 07 73 06 01 47 27 50 07 4B 
E2 00 41 07 73 06 01 47 27 50 07 4B 
E2 00 40 80 67 18 00 50 12 80 96 A2 
E2 00 40 80 67 18 00 50 12 80 96 A2 
E2 00 40 80 67 18 00 50 12 80 96 A2 
E2 00 40 80 67 18 00 50 12 80 96 A2 
E2 00 40 80 67 18 00 50 12 80 96 A2 
E2 00 41 07 73 06 01 47 27 50 07 4B 
E2 00 41 07 73 06 01 47 27 50 07 4B 
E2 00 41 07 73 06 01 47 27 50 07 4B 
E2 00 41 07 73 06 01 47 27 50 07 4B 
E2 00 41 07 73 06 01 47 27 50 07 4B 
E2 00 40 80 67 18 00 98 13 60 8E 12 
E2 00 40 80 67 18 00 98 13 60 8E 12 
00 11 22 33 44 55 66 77 88 99 AA BB 
00 11 22 33 44 55 66 77 88 99 AA BB 
00 11 22 33 44 55 66 77 88 99 AA BB 
Start multiply tags identify!
00 11 22 33 44 55 66 77 88 99 AA BB 
00 11 22 33 44 55 66 77 88 99 AA BB 
00 11 22 33 44 55 66 77 88 99 AA BB 
Start multiply tags identify!
00 11 22 33 44 55 66 77 88 99 AA BB 
00 11 22 33 44 55 66 77 88 99 AA BB 
00 11 22 33 44 55 66 77 88 99 AA BB 
00 11 22 33 44 55 66 77 88 99 AA BB 
00 11 22 33 44 55 66 77 88 99 AA BB 
00 11 22 33 44 55 66 77 88 99 AA BB 
00 11 22 33 44 55 66 77 88 99 AA BB 
E2 00 40 80 67 18 00 98 13 60 8E 12 
E2 00 40 80 67 18 00 98 13 60 8E 12 
E2 00 40 80 67 18 00 98 13 60 8E 12 
E2 00 40 80 67 18 00 98 13 60 8E 12 
E2 00 40 80 67 18 00 98 13 60 8E 12 
E2 00 40 80 67 18 00 98 13 60 8E 12 
00 11 22 33 44 55 66 77 88 99 AA BB 
00 11 22 33 44 55 66 77 88 99 AA BB 
E2 00 40 80 67 18 00 98 13 60 8E 12 
E2 00 40 80 67 18 00 98 13 60 8E 12 
E2 00 40 80 67 18 00 98 13 60 8E 12 
E2 00 40 80 67 18 00 98 13 60 8E 12 
E2 00 40 80 67 18 00 98 13 60 8E 12 
E2 00 40 80 67 18 00 98 13 60 8E 12 
E2 00 40 80 67 18 00 98 13 60 8E 12 
E2 00 40 80 67 18 00 98 13 60 8E 12 
E2 00 40 80 67 18 01 68 12 70 99 C1 
E2 00 40 80 67 18 01 68 12 70 99 C1 
E2 00 40 80 67 18 01 68 12 70 99 C1 
E2 00 41 07 73 06 01 47 27 50 07 4B 
E2 00 41 07 73 06 01 47 27 50 07 4B 
E2 00 40 80 67 18 00 50 12 80 96 A2 
E2 00 40 80 67 18 00 50 12 80 96 A2 
E2 00 40 80 67 18 00 50 12 80 96 A2 
E2 00 40 80 67 18 00 50 12 80 96 A2 
00 11 22 33 44 55 66 77 88 99 AA BB 
00 11 22 33 44 55 66 77 88 99 AA BB 
E2 00 40 80 67 18 00 50 12 80 96 A2 
E2 00 40 80 67 18 00 50 12 80 96 A2 
E2 00 40 80 67 18 00 50 12 80 96 A2 
E2 00 40 80 67 18 00 50 12 80 96 A2 
E2 00 40 80 67 18 00 50 12 80 96 A2 
E2 00 40 80 67 18 00 50 12 80 96 A2 
E2 00 41 07 73 06 01 47 27 50 07 4B 
E2 00 40 80 67 18 00 50 12 80 96 A2 
E2 00 40 80 67 18 00 50 12 80 96 A2 
E2 00 40 80 67 18 00 50 12 80 96 A2 
E2 00 40 80 67 18 00 50 12 80 96 A2 
E2 00 40 80 67 18 00 50 12 80 96 A2 
E2 00 40 80 67 18 00 50 12 80 96 A2 
E2 00 40 80 67 18 00 98 13 60 8E 12 
E2 00 40 80 67 18 00 98 13 60 8E 12 
E2 00 40 80 67 18 01 68 12 70 99 C1 
E2 00 41 07 73 06 01 47 27 50 07 4B 
E2 00 41 07 73 06 01 47 27 50 07 4B 
E2 00 41 07 73 06 01 47 27 50 07 4B 
E2 00 40 80 67 18 00 50 12 80 96 A2 
00 11 22 33 44 55 66 77 88 99 AA BB 
00 11 22 33 44 55 66 77 88 99 AA BB 
00 11 22 33 44 55 66 77 88 99 AA BB 
E2 00 40 80 67 18 00 50 12 80 96 A2 
E2 00 40 80 67 18 00 50 12 80 96 A2 
E2 00 40 80 67 18 00 50 12 80 96 A2 
E2 00 40 80 67 18 01 68 12 70 99 C1 
E2 00 40 80 67 18 01 68 12 70 99 C1 
00 11 22 33 44 55 66 77 88 99 AA BB 
E2 00 40 80 67 18 00 98 13 60 8E 12 
E2 00 41 07 73 06 01 47 27 50 07 4B 
E2 00 41 07 73 06 01 47 27 50 07 4B 
E2 00 41 07 73 06 01 47 27 50 07 4B 
E2 00 41 07 73 06 01 47 27 50 07 4B 
E2 00 41 07 73 06 01 47 27 50 07 4B 
E2 00 41 07 73 06 01 47 27 50 07 4B 
E2 00 41 07 73 06 01 47 27 50 07 4B 
E2 00 41 07 73 06 01 47 27 50 07 4B 
E2 00 41 07 73 06 01 47 27 50 07 4B 
E2 00 41 07 73 06 01 47 27 50 07 4B 
E2 00 41 07 73 06 01 47 27 50 07 4B 
E2 00 41 07 73 06 01 47 27 50 07 4B 
E2 00 41 07 73 06 01 47 27 50 07 4B 
E2 00 41 07 73 06 01 47 27 50 07 4B 
E2 00 41 07 73 06 01 47 27 50 07 4B 
E2 00 41 07 73 06 01 47 27 50 07 4B 
E2 00 41 07 73 06 01 47 27 50 07 4B 
E2 00 41 07 73 06 01 47 27 50 07 4B 
E2 00 41 07 73 06 01 47 27 50 07 4B 
E2 00 41 07 73 06 01 47 27 50 07 4B 
E2 00 41 07 73 06 01 47 27 50 07 4B 
E2 00 41 07 73 06 01 47 27 50 07 4B 
E2 00 41 07 73 06 01 47 27 50 07 4B 
E2 00 41 07 73 06 01 47 27 50 07 4B 
E2 00 41 07 73 06 01 47 27 50 07 4B 
E2 00 41 07 73 06 01 47 27 50 07 4B 
E2 00 41 07 73 06 01 47 27 50 07 4B 
E2 00 41 07 73 06 01 47 27 50 07 4B 
E2 00 41 07 73 06 01 47 27 50 07 4B 
E2 00 41 07 73 06 01 47 27 50 07 4B 
E2 00 41 07 73 06 01 47 27 50 07 4B 
E2 00 41 07 73 06 01 47 27 50 07 4B 
E2 00 41 07 73 06 01 47 27 50 07 4B 
E2 00 41 07 73 06 01 47 27 50 07 4B 
E2 00 41 07 73 06 01 47 27 50 07 4B 
E2 00 41 07 73 06 01 47 27 50 07 4B 
E2 00 41 07 73 06 01 47 27 50 07 4B 
E2 00 40 80 67 18 01 68 12 70 99 C1 